2
2267
48137
72578
580
496
9911
28383
506
9427
236761
35197
236764
496
5117
5483
1156
107
2107
531
9279
506
1638
3890
236761
2625
7971
1679
506
9103
236764
15593
506
6630
236764
107
624
12457
506
5274
1680
10314
496
12882
236761
562
1354
1374
577
107
500
1045
25285
236787
2264
11863
3548
506
1638
1262
532
496
3582
6492
529
506
107
8889
236761
16647
8798
528
18224
1523
40442
740
52768
236764
834
496
107
8057
1275
9960
8735
1800
10298
532
6658
3165
236761
108
2542
496
3606
2591
236764
1531
496
30777
7972
577
22778
30762
1440
532
6589
107
2576
619
5777
236761
9567
2433
563
63086
236772
34699
6281
30762
236764
532
1061
44803
563
28959
107
2576
619
236761
1637
1806
4745
12773
19226
506
4890
2678
236764
1546
2050
563
2390
30762
1440
236761
107
818
40442
1677
711
4911
580
506
10348
529
506
22295
653
506
3409
236761
108
236776
5194
1948
1374
11450
614
2744
625
3914
10151
236761
1030
1374
992
107
27611
6829
10512
7732
236761
4210
614
47613
14988
236764
6250
107
34179
699
506
3303
9103
1374
10048
506
3303
3890
236761
3143
6366
107
733
6684
573
7713
529
6571
236764
1883
24037
236764
532
16688
79101
236761
108
902
17856
236764
496
2822
7350
740
16333
496
2324
236787
107
6725
578
236743
236771
107
1708
1550
528
870
236778
236764
236743
236800
236764
236743
236810
236764
236743
236832
9414
107
140
6725
3323
1550
107
818
1626
2558
563
236743
236770
236832
236761
62839
496
1944
2591
3590
614
3165
8722
531
29888
236761
107
